a18sm_rLE_-5.0pct
1.000000  0.000019
0.999748  0.000019
0.998993  0.000019
0.997736  0.000020
0.995977  0.000020
0.993719  0.000020
0.990964  0.000020
0.987715  0.000020
0.983974  0.000020
0.979746  0.000020
0.975036  0.000020
0.969846  0.000020
0.964184  0.000020
0.958054  0.000020
0.951463  0.000020
0.944418  0.000020
0.936925  0.000020
0.928992  0.000020
0.920627  0.000021
0.911838  0.000021
0.902635  0.000021
0.893027  0.000021
0.883022  0.000021
0.872632  0.000020
0.861867  0.000020
0.850737  0.000020
0.839255  0.000020
0.827430  0.000020
0.815276  0.000020
0.802805  0.000020
0.790028  0.000019
0.776960  0.000019
0.763613  0.000019
0.750000  0.000019
0.736136  0.000018
0.722033  0.000018
0.707708  0.000017
0.693173  0.000017
0.678443  0.000017
0.663534  0.000016
0.648460  0.000016
0.633237  0.000015
0.617879  0.000014
0.602403  0.000014
0.586824  0.000013
0.571157  0.000013
0.555419  0.000012
0.539625  0.000011
0.523791  0.000011
0.507933  0.000010
0.492067  0.000009
0.476209  0.000009
0.460375  0.000008
0.444581  0.000007
0.428843  0.000007
0.413176  0.000006
0.397597  0.000005
0.382121  0.000005
0.366763  0.000004
0.351540  0.000004
0.336466  0.000003
0.321557  0.000003
0.306827  0.000002
0.292292  0.000001
0.277967  0.000001
0.263864  0.000000
0.250000  -0.000000
0.236387  -0.000000
0.223040  -0.000001
0.209972  -0.000001
0.197195  -0.000002
0.184724  -0.000002
0.172570  -0.000002
0.160745  -0.000003
0.149263  -0.000003
0.138133  -0.000003
0.127368  -0.000004
0.116978  -0.000004
0.106973  -0.000004
0.097365  -0.000005
0.088162  -0.000005
0.079373  -0.000005
0.071008  -0.000005
0.063075  -0.000006
0.055582  -0.000006
0.048537  -0.000006
0.041946  -0.000006
0.035816  -0.000006
0.030154  -0.000007
0.024964  -0.000007
0.020254  -0.000007
0.016026  -0.000007
0.012285  -0.000007
0.009036  -0.000007
0.006281  -0.000007
0.004023  -0.000007
0.002264  -0.000007
0.001007  -0.000006
0.000252  -0.000006
0.000000  -0.000006
0.000252  0.155443
0.001007  0.134531
0.002264  0.115885
0.004023  0.099322
0.006281  0.084671
0.009036  0.071767
0.012285  0.060455
0.016026  0.050588
0.020254  0.042027
0.024964  0.034642
0.030154  0.028311
0.035816  0.022921
0.041946  0.018365
0.048537  0.014547
0.055582  0.011374
0.063075  0.008766
0.071008  0.006645
0.079373  0.004943
0.088162  0.003598
0.097365  0.002553
0.106973  0.001757
0.116978  0.001167
0.127368  0.000743
0.138133  0.000449
0.149263  0.000257
0.160745  0.000140
0.172570  0.000076
0.184724  0.000047
0.197195  0.000039
0.209972  0.000038
0.223040  0.000035
0.236387  0.000025
0.250000  -0.000000
0.263864  -0.000041
0.277967  -0.000101
0.292292  -0.000180
0.306827  -0.000278
0.321557  -0.000391
0.336466  -0.000519
0.351540  -0.000659
0.366763  -0.000807
0.382121  -0.000960
0.397597  -0.001115
0.413176  -0.001268
0.428843  -0.001415
0.444581  -0.001555
0.460375  -0.001684
0.476209  -0.001799
0.492067  -0.001898
0.507933  -0.001980
0.523791  -0.002044
0.539625  -0.002087
0.555419  -0.002111
0.571157  -0.002115
0.586824  -0.002099
0.602403  -0.002064
0.617879  -0.002010
0.633237  -0.001940
0.648460  -0.001855
0.663534  -0.001756
0.678443  -0.001646
0.693173  -0.001527
0.707708  -0.001401
0.722033  -0.001269
0.736136  -0.001135
0.750000  -0.001001
0.763613  -0.000869
0.776960  -0.000740
0.790028  -0.000617
0.802805  -0.000502
0.815276  -0.000395
0.827430  -0.000299
0.839255  -0.000215
0.850737  -0.000142
0.861867  -0.000083
0.872632  -0.000037
0.883022  -0.000005
0.893027  0.000014
0.902635  0.000021
0.911838  0.000014
0.920627  -0.000004
0.928992  -0.000032
0.936925  -0.000070
0.944418  -0.000117
0.951463  -0.000170
0.958054  -0.000229
0.964184  -0.000291
0.969846  -0.000356
0.975036  -0.000422
0.979746  -0.000486
0.983974  -0.000549
0.987715  -0.000608
0.990964  -0.000662
0.993719  -0.000709
0.995977  -0.000750
0.997736  -0.000782
0.998993  -0.000806
0.999748  -0.000820
1.000000  -0.000825
