be50sm_Ylo_-10pct
1.000000  -0.025026
0.999748  -0.024847
0.998993  -0.024314
0.997736  -0.023432
0.995977  -0.022210
0.993719  -0.020662
0.990964  -0.018803
0.987715  -0.016653
0.983974  -0.014236
0.979746  -0.011576
0.975036  -0.008703
0.969846  -0.005646
0.964184  -0.002437
0.958054  0.000889
0.951463  0.004297
0.944418  0.007752
0.936925  0.011216
0.928992  0.014655
0.920627  0.018031
0.911838  0.021310
0.902635  0.024457
0.893027  0.027441
0.883022  0.030230
0.872632  0.032797
0.861867  0.035115
0.850737  0.037163
0.839255  0.038919
0.827430  0.040369
0.815276  0.041499
0.802805  0.042300
0.790028  0.042767
0.776960  0.042900
0.763613  0.042700
0.750000  0.042174
0.736136  0.041332
0.722033  0.040190
0.707708  0.038764
0.693173  0.037075
0.678443  0.035148
0.663534  0.033009
0.648460  0.030688
0.633237  0.028217
0.617879  0.025628
0.602403  0.022957
0.586824  0.020238
0.571157  0.017508
0.555419  0.014802
0.539625  0.012155
0.523791  0.009601
0.507933  0.007172
0.492067  0.004899
0.476209  0.002808
0.460375  0.000925
0.444581  -0.000730
0.428843  -0.002139
0.413176  -0.003290
0.397597  -0.004174
0.382121  -0.004786
0.366763  -0.005130
0.351540  -0.005210
0.336466  -0.005039
0.321557  -0.004632
0.306827  -0.004013
0.292292  -0.003207
0.277967  -0.002245
0.263864  -0.001163
0.250000  -0.000000
0.236387  0.001202
0.223040  0.002398
0.209972  0.003540
0.197195  0.004582
0.184724  0.005476
0.172570  0.006175
0.160745  0.006633
0.149263  0.006810
0.138133  0.006668
0.127368  0.006177
0.116978  0.005313
0.106973  0.004061
0.097365  0.002417
0.088162  0.000389
0.079373  -0.002003
0.071008  -0.004721
0.063075  -0.007711
0.055582  -0.010902
0.048537  -0.014200
0.041946  -0.017490
0.035816  -0.020633
0.030154  -0.023466
0.024964  -0.025796
0.020254  -0.027405
0.016026  -0.028042
0.012285  -0.027428
0.009036  -0.025247
0.006281  -0.021155
0.004023  -0.014769
0.002264  -0.005672
0.001007  0.006588
0.000252  0.022501
0.000000  0.042593
0.000252  0.061599
0.001007  0.053114
0.002264  0.046494
0.004023  0.041449
0.006281  0.037714
0.009036  0.035049
0.012285  0.033237
0.016026  0.032086
0.020254  0.031423
0.024964  0.031099
0.030154  0.030984
0.035816  0.030967
0.041946  0.030956
0.048537  0.030875
0.055582  0.030665
0.063075  0.030281
0.071008  0.029692
0.079373  0.028877
0.088162  0.027828
0.097365  0.026548
0.106973  0.025044
0.116978  0.023336
0.127368  0.021445
0.138133  0.019401
0.149263  0.017235
0.160745  0.014983
0.172570  0.012683
0.184724  0.010373
0.197195  0.008091
0.209972  0.005877
0.223040  0.003768
0.236387  0.001798
0.250000  -0.000000
0.263864  -0.001595
0.277967  -0.002961
0.292292  -0.004074
0.306827  -0.004917
0.321557  -0.005473
0.336466  -0.005732
0.351540  -0.005688
0.366763  -0.005339
0.382121  -0.004687
0.397597  -0.003740
0.413176  -0.002508
0.428843  -0.001005
0.444581  0.000750
0.460375  0.002736
0.476209  0.004928
0.492067  0.007299
0.507933  0.009820
0.523791  0.012459
0.539625  0.015183
0.555419  0.017958
0.571157  0.020751
0.586824  0.023526
0.602403  0.026249
0.617879  0.028885
0.633237  0.031403
0.648460  0.033770
0.663534  0.035958
0.678443  0.037937
0.693173  0.039683
0.707708  0.041174
0.722033  0.042390
0.736136  0.043314
0.750000  0.043932
0.763613  0.044236
0.776960  0.044218
0.790028  0.043876
0.802805  0.043210
0.815276  0.042225
0.827430  0.040928
0.839255  0.039331
0.850737  0.037449
0.861867  0.035297
0.872632  0.032898
0.883022  0.030275
0.893027  0.027452
0.902635  0.024457
0.911838  0.021321
0.920627  0.018074
0.928992  0.014748
0.936925  0.011377
0.944418  0.007994
0.951463  0.004634
0.958054  0.001330
0.964184  -0.001885
0.969846  -0.004979
0.975036  -0.007920
0.979746  -0.010679
0.983974  -0.013227
0.987715  -0.015540
0.990964  -0.017594
0.993719  -0.019368
0.995977  -0.020845
0.997736  -0.022010
0.998993  -0.022850
0.999748  -0.023357
1.000000  -0.023527
