be50sm_Xup_0.2375
1.000000  -0.011928
0.999748  -0.011842
0.998993  -0.011588
0.997736  -0.011166
0.995977  -0.010582
0.993719  -0.009842
0.990964  -0.008953
0.987715  -0.007925
0.983974  -0.006769
0.979746  -0.005497
0.975036  -0.004121
0.969846  -0.002658
0.964184  -0.001121
0.958054  0.000472
0.951463  0.002106
0.944418  0.003763
0.936925  0.005426
0.928992  0.007077
0.920627  0.008701
0.911838  0.010279
0.902635  0.011796
0.893027  0.013236
0.883022  0.014585
0.872632  0.015829
0.861867  0.016956
0.850737  0.017955
0.839255  0.018817
0.827430  0.019533
0.815276  0.020099
0.802805  0.020508
0.790028  0.020759
0.776960  0.020851
0.763613  0.020785
0.750000  0.020564
0.736136  0.020193
0.722033  0.019678
0.707708  0.019027
0.693173  0.018250
0.678443  0.017359
0.663534  0.016366
0.648460  0.015285
0.633237  0.014130
0.617879  0.012917
0.602403  0.011662
0.586824  0.010382
0.571157  0.009093
0.555419  0.007813
0.539625  0.006557
0.523791  0.005342
0.507933  0.004182
0.492067  0.003092
0.476209  0.002085
0.460375  0.001172
0.444581  0.000363
0.428843  -0.000334
0.413176  -0.000913
0.397597  -0.001369
0.382121  -0.001702
0.366763  -0.001911
0.351540  -0.002000
0.336466  -0.001974
0.321557  -0.001841
0.306827  -0.001611
0.292292  -0.001296
0.277967  -0.000912
0.263864  -0.000473
0.250000  -0.000000
0.236387  0.000489
0.223040  0.000972
0.209972  0.001427
0.197195  0.001833
0.184724  0.002168
0.172570  0.002408
0.160745  0.002534
0.149263  0.002526
0.138133  0.002367
0.127368  0.002044
0.116978  0.001546
0.106973  0.000865
0.097365  0.000001
0.088162  -0.001042
0.079373  -0.002253
0.071008  -0.003615
0.063075  -0.005100
0.055582  -0.006675
0.048537  -0.008295
0.041946  -0.009904
0.035816  -0.011436
0.030154  -0.012812
0.024964  -0.013942
0.020254  -0.014720
0.016026  -0.015027
0.012285  -0.014731
0.009036  -0.013682
0.006281  -0.011715
0.004023  -0.008649
0.002264  -0.004285
0.001007  0.001590
0.000252  0.009210
0.000000  0.018825
0.000252  0.062001
0.001007  0.051229
0.002264  0.042411
0.004023  0.035293
0.006281  0.029642
0.009036  0.025240
0.012285  0.021891
0.016026  0.019415
0.020254  0.017650
0.024964  0.016450
0.030154  0.015687
0.035816  0.015245
0.041946  0.015028
0.048537  0.014948
0.055582  0.014936
0.063075  0.014930
0.071008  0.014883
0.079373  0.014757
0.088162  0.014524
0.097365  0.014165
0.106973  0.013668
0.116978  0.013030
0.127368  0.012252
0.138133  0.011341
0.149263  0.010309
0.160745  0.009171
0.172570  0.007946
0.184724  0.006654
0.197195  0.005318
0.209972  0.003961
0.223040  0.002607
0.236387  0.001279
0.250000  -0.000000
0.263864  -0.001207
0.277967  -0.002323
0.292292  -0.003328
0.306827  -0.004205
0.321557  -0.004940
0.336466  -0.005520
0.351540  -0.005937
0.366763  -0.006183
0.382121  -0.006254
0.397597  -0.006148
0.413176  -0.005867
0.428843  -0.005414
0.444581  -0.004796
0.460375  -0.004020
0.476209  -0.003099
0.492067  -0.002044
0.507933  -0.000870
0.523791  0.000407
0.539625  0.001769
0.555419  0.003198
0.571157  0.004675
0.586824  0.006180
0.602403  0.007692
0.617879  0.009192
0.633237  0.010660
0.648460  0.012076
0.663534  0.013421
0.678443  0.014679
0.693173  0.015832
0.707708  0.016866
0.722033  0.017766
0.736136  0.018521
0.750000  0.019120
0.763613  0.019555
0.776960  0.019821
0.790028  0.019912
0.802805  0.019827
0.815276  0.019566
0.827430  0.019131
0.839255  0.018525
0.850737  0.017756
0.861867  0.016831
0.872632  0.015760
0.883022  0.014555
0.893027  0.013229
0.902635  0.011796
0.911838  0.010272
0.920627  0.008673
0.928992  0.007019
0.936925  0.005325
0.944418  0.003612
0.951463  0.001899
0.958054  0.000203
0.964184  -0.001456
0.969846  -0.003060
0.975036  -0.004591
0.979746  -0.006032
0.983974  -0.007368
0.987715  -0.008584
0.990964  -0.009666
0.993719  -0.010603
0.995977  -0.011384
0.997736  -0.012000
0.998993  -0.012445
0.999748  -0.012714
1.000000  -0.012804
