be50sm_Yte'_0pct
1.000000  -0.024731
0.999748  -0.024554
0.998993  -0.024026
0.997736  -0.023152
0.995977  -0.021941
0.993719  -0.020406
0.990964  -0.018563
0.987715  -0.016432
0.983974  -0.014035
0.979746  -0.011397
0.975036  -0.008545
0.969846  -0.005511
0.964184  -0.002325
0.958054  0.000979
0.951463  0.004366
0.944418  0.007802
0.936925  0.011250
0.928992  0.014674
0.920627  0.018040
0.911838  0.021312
0.902635  0.024457
0.893027  0.027443
0.883022  0.030240
0.872632  0.032819
0.861867  0.035156
0.850737  0.037228
0.839255  0.039015
0.827430  0.040500
0.815276  0.041672
0.802805  0.042521
0.790028  0.043042
0.776960  0.043233
0.763613  0.043096
0.750000  0.042638
0.736136  0.041868
0.722033  0.040800
0.707708  0.039450
0.693173  0.037840
0.678443  0.035992
0.663534  0.033933
0.648460  0.031691
0.633237  0.029296
0.617879  0.026781
0.602403  0.024179
0.586824  0.021525
0.571157  0.018854
0.555419  0.016199
0.539625  0.013595
0.523791  0.011075
0.507933  0.008671
0.492067  0.006411
0.476209  0.004323
0.460375  0.002429
0.444581  0.000752
0.428843  -0.000693
0.413176  -0.001893
0.397597  -0.002839
0.382121  -0.003529
0.366763  -0.003963
0.351540  -0.004147
0.336466  -0.004093
0.321557  -0.003817
0.306827  -0.003340
0.292292  -0.002688
0.277967  -0.001890
0.263864  -0.000981
0.250000  -0.000000
0.236387  0.001013
0.223040  0.002015
0.209972  0.002960
0.197195  0.003801
0.184724  0.004494
0.172570  0.004992
0.160745  0.005253
0.149263  0.005237
0.138133  0.004909
0.127368  0.004238
0.116978  0.003204
0.106973  0.001793
0.097365  0.000002
0.088162  -0.002160
0.079373  -0.004672
0.071008  -0.007495
0.063075  -0.010575
0.055582  -0.013841
0.048537  -0.017199
0.041946  -0.020534
0.035816  -0.023711
0.030154  -0.026564
0.024964  -0.028906
0.020254  -0.030520
0.016026  -0.031158
0.012285  -0.030544
0.009036  -0.028368
0.006281  -0.024290
0.004023  -0.017932
0.002264  -0.008885
0.001007  0.003297
0.000252  0.019096
0.000000  0.039031
0.000252  0.061599
0.001007  0.053114
0.002264  0.046494
0.004023  0.041449
0.006281  0.037714
0.009036  0.035049
0.012285  0.033237
0.016026  0.032086
0.020254  0.031423
0.024964  0.031099
0.030154  0.030984
0.035816  0.030967
0.041946  0.030956
0.048537  0.030875
0.055582  0.030665
0.063075  0.030281
0.071008  0.029692
0.079373  0.028877
0.088162  0.027828
0.097365  0.026548
0.106973  0.025044
0.116978  0.023336
0.127368  0.021445
0.138133  0.019401
0.149263  0.017235
0.160745  0.014983
0.172570  0.012683
0.184724  0.010373
0.197195  0.008091
0.209972  0.005877
0.223040  0.003768
0.236387  0.001798
0.250000  -0.000000
0.263864  -0.001595
0.277967  -0.002961
0.292292  -0.004074
0.306827  -0.004917
0.321557  -0.005473
0.336466  -0.005732
0.351540  -0.005688
0.366763  -0.005339
0.382121  -0.004687
0.397597  -0.003740
0.413176  -0.002508
0.428843  -0.001005
0.444581  0.000750
0.460375  0.002736
0.476209  0.004928
0.492067  0.007299
0.507933  0.009820
0.523791  0.012459
0.539625  0.015183
0.555419  0.017958
0.571157  0.020751
0.586824  0.023526
0.602403  0.026249
0.617879  0.028885
0.633237  0.031403
0.648460  0.033770
0.663534  0.035958
0.678443  0.037937
0.693173  0.039683
0.707708  0.041174
0.722033  0.042390
0.736136  0.043314
0.750000  0.043932
0.763613  0.044236
0.776960  0.044218
0.790028  0.043876
0.802805  0.043210
0.815276  0.042225
0.827430  0.040928
0.839255  0.039331
0.850737  0.037449
0.861867  0.035297
0.872632  0.032898
0.883022  0.030275
0.893027  0.027452
0.902635  0.024457
0.911838  0.021321
0.920627  0.018074
0.928992  0.014748
0.936925  0.011377
0.944418  0.007994
0.951463  0.004634
0.958054  0.001330
0.964184  -0.001885
0.969846  -0.004979
0.975036  -0.007920
0.979746  -0.010679
0.983974  -0.013227
0.987715  -0.015540
0.990964  -0.017594
0.993719  -0.019368
0.995977  -0.020845
0.997736  -0.022010
0.998993  -0.022850
0.999748  -0.023357
1.000000  -0.023527
