be50sm_Xlo_0.2000
1.000000  -0.026008
0.999748  -0.025824
0.998993  -0.025274
0.997736  -0.024364
0.995977  -0.023103
0.993719  -0.021506
0.990964  -0.019591
0.987715  -0.017377
0.983974  -0.014890
0.979746  -0.012157
0.975036  -0.009207
0.969846  -0.006074
0.964184  -0.002790
0.958054  0.000608
0.951463  0.004084
0.944418  0.007599
0.936925  0.011116
0.928992  0.014597
0.920627  0.018004
0.911838  0.021303
0.902635  0.024457
0.893027  0.027434
0.883022  0.030204
0.872632  0.032737
0.861867  0.035009
0.850737  0.036998
0.839255  0.038685
0.827430  0.040056
0.815276  0.041099
0.802805  0.041808
0.790028  0.042180
0.776960  0.042216
0.763613  0.041922
0.750000  0.041307
0.736136  0.040384
0.722033  0.039171
0.707708  0.037689
0.693173  0.035961
0.678443  0.034015
0.663534  0.031879
0.648460  0.029586
0.633237  0.027168
0.617879  0.024660
0.602403  0.022098
0.586824  0.019516
0.571157  0.016951
0.555419  0.014436
0.539625  0.012004
0.523791  0.009686
0.507933  0.007510
0.492067  0.005503
0.476209  0.003685
0.460375  0.002075
0.444581  0.000687
0.428843  -0.000471
0.413176  -0.001393
0.397597  -0.002082
0.382121  -0.002543
0.366763  -0.002788
0.351540  -0.002834
0.336466  -0.002703
0.321557  -0.002421
0.306827  -0.002022
0.292292  -0.001539
0.277967  -0.001013
0.263864  -0.000485
0.250000  0.000000
0.236387  0.000397
0.223040  0.000659
0.209972  0.000744
0.197195  0.000608
0.184724  0.000214
0.172570  -0.000473
0.160745  -0.001477
0.149263  -0.002817
0.138133  -0.004499
0.127368  -0.006518
0.116978  -0.008856
0.106973  -0.011474
0.097365  -0.014320
0.088162  -0.017317
0.079373  -0.020368
0.071008  -0.023349
0.063075  -0.026109
0.055582  -0.028469
0.048537  -0.030215
0.041946  -0.031102
0.035816  -0.030848
0.030154  -0.029132
0.024964  -0.025596
0.020254  -0.019835
0.016026  -0.011406
0.012285  0.000182
0.009036  0.015467
0.006281  0.035033
0.004023  0.059514
0.002264  0.089592
0.001007  0.126002
0.000252  0.169528
0.000000  0.221002
0.000252  0.061599
0.001007  0.053114
0.002264  0.046494
0.004023  0.041449
0.006281  0.037714
0.009036  0.035049
0.012285  0.033237
0.016026  0.032086
0.020254  0.031423
0.024964  0.031099
0.030154  0.030984
0.035816  0.030967
0.041946  0.030956
0.048537  0.030875
0.055582  0.030665
0.063075  0.030281
0.071008  0.029692
0.079373  0.028877
0.088162  0.027828
0.097365  0.026548
0.106973  0.025044
0.116978  0.023336
0.127368  0.021445
0.138133  0.019401
0.149263  0.017235
0.160745  0.014983
0.172570  0.012683
0.184724  0.010373
0.197195  0.008091
0.209972  0.005877
0.223040  0.003768
0.236387  0.001798
0.250000  -0.000000
0.263864  -0.001595
0.277967  -0.002961
0.292292  -0.004074
0.306827  -0.004917
0.321557  -0.005473
0.336466  -0.005732
0.351540  -0.005688
0.366763  -0.005339
0.382121  -0.004687
0.397597  -0.003740
0.413176  -0.002508
0.428843  -0.001005
0.444581  0.000750
0.460375  0.002736
0.476209  0.004928
0.492067  0.007299
0.507933  0.009820
0.523791  0.012459
0.539625  0.015183
0.555419  0.017958
0.571157  0.020751
0.586824  0.023526
0.602403  0.026249
0.617879  0.028885
0.633237  0.031403
0.648460  0.033770
0.663534  0.035958
0.678443  0.037937
0.693173  0.039683
0.707708  0.041174
0.722033  0.042390
0.736136  0.043314
0.750000  0.043932
0.763613  0.044236
0.776960  0.044218
0.790028  0.043876
0.802805  0.043210
0.815276  0.042225
0.827430  0.040928
0.839255  0.039331
0.850737  0.037449
0.861867  0.035297
0.872632  0.032898
0.883022  0.030275
0.893027  0.027452
0.902635  0.024457
0.911838  0.021321
0.920627  0.018074
0.928992  0.014748
0.936925  0.011377
0.944418  0.007994
0.951463  0.004634
0.958054  0.001330
0.964184  -0.001885
0.969846  -0.004979
0.975036  -0.007920
0.979746  -0.010679
0.983974  -0.013227
0.987715  -0.015540
0.990964  -0.017594
0.993719  -0.019368
0.995977  -0.020845
0.997736  -0.022010
0.998993  -0.022850
0.999748  -0.023357
1.000000  -0.023527
