cr001sm_Xte_-25.0pct
1.000000  0.000010
0.999748  0.000009
0.998993  0.000009
0.997736  0.000009
0.995977  0.000009
0.993719  0.000009
0.990964  0.000009
0.987715  0.000009
0.983974  0.000009
0.979746  0.000008
0.975036  0.000008
0.969846  0.000008
0.964184  0.000008
0.958054  0.000007
0.951463  0.000007
0.944418  0.000007
0.936925  0.000007
0.928992  0.000006
0.920627  0.000006
0.911838  0.000006
0.902635  0.000005
0.893027  0.000005
0.883022  0.000005
0.872632  0.000004
0.861867  0.000004
0.850737  0.000004
0.839255  0.000003
0.827430  0.000003
0.815276  0.000003
0.802805  0.000002
0.790028  0.000002
0.776960  0.000002
0.763613  0.000002
0.750000  0.000001
0.736136  0.000001
0.722033  0.000001
0.707708  0.000001
0.693173  0.000001
0.678443  0.000001
0.663534  0.000000
0.648460  0.000000
0.633237  0.000000
0.617879  0.000000
0.602403  0.000000
0.586824  0.000000
0.571157  0.000000
0.555419  0.000000
0.539625  0.000000
0.523791  0.000000
0.507933  0.000000
0.492067  0.000000
0.476209  0.000000
0.460375  0.000000
0.444581  0.000000
0.428843  0.000000
0.413176  0.000000
0.397597  0.000000
0.382121  0.000000
0.366763  0.000000
0.351540  0.000000
0.336466  0.000000
0.321557  0.000000
0.306827  0.000000
0.292292  0.000000
0.277967  0.000000
0.263864  0.000000
0.250000  0.000000
0.236387  -0.000000
0.223040  -0.000000
0.209972  -0.000000
0.197195  -0.000000
0.184724  -0.000000
0.172570  -0.000000
0.160745  -0.000000
0.149263  -0.000000
0.138133  -0.000000
0.127368  -0.000000
0.116978  -0.000000
0.106973  -0.000001
0.097365  -0.000001
0.088162  -0.000001
0.079373  -0.000001
0.071008  -0.000001
0.063075  -0.000001
0.055582  -0.000001
0.048537  -0.000001
0.041946  -0.000001
0.035816  -0.000001
0.030154  -0.000001
0.024964  -0.000001
0.020254  -0.000000
0.016026  -0.000000
0.012285  -0.000000
0.009036  -0.000000
0.006281  -0.000000
0.004023  -0.000000
0.002264  -0.000001
0.001007  -0.000001
0.000252  -0.000001
0.000000  -0.000001
0.000252  0.126972
0.001007  0.108865
0.002264  0.092872
0.004023  0.078807
0.006281  0.066493
0.009036  0.055764
0.012285  0.046463
0.016026  0.038444
0.020254  0.031570
0.024964  0.025714
0.030154  0.020760
0.035816  0.016598
0.041946  0.013131
0.048537  0.010266
0.055582  0.007923
0.063075  0.006026
0.071008  0.004508
0.079373  0.003310
0.088162  0.002378
0.097365  0.001667
0.106973  0.001134
0.116978  0.000745
0.127368  0.000468
0.138133  0.000279
0.149263  0.000156
0.160745  0.000080
0.172570  0.000037
0.184724  0.000016
0.197195  0.000008
0.209972  0.000006
0.223040  0.000006
0.236387  0.000004
0.250000  0.000000
0.263864  -0.000008
0.277967  -0.000018
0.292292  -0.000032
0.306827  -0.000046
0.321557  -0.000060
0.336466  -0.000073
0.351540  -0.000082
0.366763  -0.000088
0.382121  -0.000089
0.397597  -0.000085
0.413176  -0.000077
0.428843  -0.000064
0.444581  -0.000049
0.460375  -0.000032
0.476209  -0.000016
0.492067  -0.000005
0.507933  0.000000
0.523791  -0.000006
0.539625  -0.000027
0.555419  -0.000067
0.571157  -0.000131
0.586824  -0.000223
0.602403  -0.000348
0.617879  -0.000511
0.633237  -0.000717
0.648460  -0.000969
0.663534  -0.001273
0.678443  -0.001631
0.693173  -0.002048
0.707708  -0.002527
0.722033  -0.003069
0.736136  -0.003677
0.750000  -0.004352
0.763613  -0.005095
0.776960  -0.005905
0.790028  -0.006781
0.802805  -0.007723
0.815276  -0.008726
0.827430  -0.009789
0.839255  -0.010906
0.850737  -0.012075
0.861867  -0.013289
0.872632  -0.014542
0.883022  -0.015828
0.893027  -0.017140
0.902635  -0.018470
0.911838  -0.019810
0.920627  -0.021152
0.928992  -0.022488
0.936925  -0.023809
0.944418  -0.025105
0.951463  -0.026368
0.958054  -0.027590
0.964184  -0.028761
0.969846  -0.029873
0.975036  -0.030919
0.979746  -0.031891
0.983974  -0.032780
0.987715  -0.033582
0.990964  -0.034289
0.993719  -0.034897
0.995977  -0.035401
0.997736  -0.035797
0.998993  -0.036082
0.999748  -0.036254
1.000000  -0.036311
