cr001sm_Yte'_-0.2000
1.000000  -0.000002
0.999748  -0.000002
0.998993  -0.000002
0.997736  -0.000002
0.995977  -0.000002
0.993719  -0.000002
0.990964  -0.000002
0.987715  -0.000002
0.983974  -0.000002
0.979746  -0.000002
0.975036  -0.000002
0.969846  -0.000002
0.964184  -0.000001
0.958054  -0.000001
0.951463  -0.000001
0.944418  -0.000001
0.936925  -0.000001
0.928992  -0.000001
0.920627  -0.000000
0.911838  -0.000000
0.902635  0.000000
0.893027  0.000000
0.883022  0.000000
0.872632  0.000001
0.861867  0.000001
0.850737  0.000001
0.839255  0.000001
0.827430  0.000001
0.815276  0.000001
0.802805  0.000002
0.790028  0.000002
0.776960  0.000002
0.763613  0.000002
0.750000  0.000002
0.736136  0.000002
0.722033  0.000002
0.707708  0.000002
0.693173  0.000002
0.678443  0.000002
0.663534  0.000003
0.648460  0.000003
0.633237  0.000003
0.617879  0.000003
0.602403  0.000003
0.586824  0.000003
0.571157  0.000003
0.555419  0.000003
0.539625  0.000002
0.523791  0.000002
0.507933  0.000002
0.492067  0.000002
0.476209  0.000002
0.460375  0.000002
0.444581  0.000002
0.428843  0.000002
0.413176  0.000002
0.397597  0.000002
0.382121  0.000001
0.366763  0.000001
0.351540  0.000001
0.336466  0.000001
0.321557  0.000001
0.306827  0.000001
0.292292  0.000000
0.277967  0.000000
0.263864  0.000000
0.250000  -0.000000
0.236387  -0.000000
0.223040  -0.000000
0.209972  -0.000000
0.197195  -0.000001
0.184724  -0.000001
0.172570  -0.000001
0.160745  -0.000001
0.149263  -0.000001
0.138133  -0.000001
0.127368  -0.000001
0.116978  -0.000002
0.106973  -0.000002
0.097365  -0.000002
0.088162  -0.000002
0.079373  -0.000002
0.071008  -0.000002
0.063075  -0.000002
0.055582  -0.000002
0.048537  -0.000002
0.041946  -0.000002
0.035816  -0.000002
0.030154  -0.000002
0.024964  -0.000001
0.020254  -0.000001
0.016026  -0.000001
0.012285  -0.000001
0.009036  -0.000000
0.006281  0.000000
0.004023  0.000001
0.002264  0.000001
0.001007  0.000002
0.000252  0.000002
0.000000  0.000003
0.000252  0.152539
0.001007  0.132333
0.002264  0.114284
0.004023  0.098221
0.006281  0.083983
0.009036  0.071415
0.012285  0.060370
0.016026  0.050711
0.020254  0.042307
0.024964  0.035034
0.030154  0.028777
0.035816  0.023429
0.041946  0.018891
0.048537  0.015068
0.055582  0.011875
0.063075  0.009233
0.071008  0.007070
0.079373  0.005321
0.088162  0.003925
0.097365  0.002828
0.106973  0.001982
0.116978  0.001343
0.127368  0.000875
0.138133  0.000542
0.149263  0.000315
0.160745  0.000170
0.172570  0.000084
0.184724  0.000040
0.197195  0.000021
0.209972  0.000017
0.223040  0.000017
0.236387  0.000013
0.250000  -0.000000
0.263864  -0.000026
0.277967  -0.000066
0.292292  -0.000123
0.306827  -0.000196
0.321557  -0.000284
0.336466  -0.000386
0.351540  -0.000499
0.366763  -0.000620
0.382121  -0.000747
0.397597  -0.000878
0.413176  -0.001008
0.428843  -0.001135
0.444581  -0.001257
0.460375  -0.001370
0.476209  -0.001472
0.492067  -0.001562
0.507933  -0.001638
0.523791  -0.001698
0.539625  -0.001742
0.555419  -0.001769
0.571157  -0.001778
0.586824  -0.001771
0.602403  -0.001747
0.617879  -0.001707
0.633237  -0.001652
0.648460  -0.001584
0.663534  -0.001504
0.678443  -0.001413
0.693173  -0.001315
0.707708  -0.001209
0.722033  -0.001099
0.736136  -0.000986
0.750000  -0.000873
0.763613  -0.000761
0.776960  -0.000651
0.790028  -0.000546
0.802805  -0.000448
0.815276  -0.000357
0.827430  -0.000274
0.839255  -0.000202
0.850737  -0.000140
0.861867  -0.000089
0.872632  -0.000049
0.883022  -0.000022
0.893027  -0.000005
0.902635  0.000000
0.911838  -0.000006
0.920627  -0.000021
0.928992  -0.000046
0.936925  -0.000080
0.944418  -0.000120
0.951463  -0.000167
0.958054  -0.000218
0.964184  -0.000273
0.969846  -0.000329
0.975036  -0.000387
0.979746  -0.000443
0.983974  -0.000498
0.987715  -0.000549
0.990964  -0.000596
0.993719  -0.000638
0.995977  -0.000674
0.997736  -0.000702
0.998993  -0.000723
0.999748  -0.000735
1.000000  -0.000740
