cr001sm_Xte_+5pct
1.000000  0.000000
0.999748  0.000000
0.998993  0.000000
0.997736  0.000000
0.995977  0.000000
0.993719  0.000000
0.990964  0.000000
0.987715  0.000000
0.983974  0.000000
0.979746  0.000000
0.975036  0.000000
0.969846  0.000000
0.964184  0.000000
0.958054  0.000000
0.951463  0.000000
0.944418  0.000000
0.936925  0.000000
0.928992  0.000000
0.920627  0.000000
0.911838  0.000000
0.902635  0.000000
0.893027  0.000000
0.883022  0.000000
0.872632  0.000000
0.861867  0.000000
0.850737  0.000000
0.839255  0.000000
0.827430  0.000000
0.815276  0.000000
0.802805  0.000001
0.790028  0.000001
0.776960  0.000001
0.763613  0.000001
0.750000  0.000001
0.736136  0.000001
0.722033  0.000001
0.707708  0.000001
0.693173  0.000001
0.678443  0.000001
0.663534  0.000001
0.648460  0.000001
0.633237  0.000001
0.617879  0.000001
0.602403  0.000001
0.586824  0.000001
0.571157  0.000001
0.555419  0.000001
0.539625  0.000001
0.523791  0.000001
0.507933  0.000001
0.492067  0.000001
0.476209  0.000001
0.460375  0.000001
0.444581  0.000001
0.428843  0.000001
0.413176  0.000001
0.397597  0.000001
0.382121  0.000001
0.366763  0.000001
0.351540  0.000001
0.336466  0.000001
0.321557  0.000001
0.306827  0.000001
0.292292  0.000000
0.277967  0.000000
0.263864  0.000000
0.250000  0.000000
0.236387  -0.000000
0.223040  -0.000000
0.209972  -0.000000
0.197195  -0.000001
0.184724  -0.000001
0.172570  -0.000001
0.160745  -0.000001
0.149263  -0.000001
0.138133  -0.000001
0.127368  -0.000002
0.116978  -0.000002
0.106973  -0.000002
0.097365  -0.000002
0.088162  -0.000002
0.079373  -0.000002
0.071008  -0.000002
0.063075  -0.000002
0.055582  -0.000002
0.048537  -0.000002
0.041946  -0.000002
0.035816  -0.000002
0.030154  -0.000002
0.024964  -0.000002
0.020254  -0.000001
0.016026  -0.000001
0.012285  -0.000001
0.009036  -0.000001
0.006281  -0.000000
0.004023  -0.000000
0.002264  0.000000
0.001007  0.000001
0.000252  0.000001
0.000000  0.000002
0.000252  0.156908
0.001007  0.136351
0.002264  0.117958
0.004023  0.101560
0.006281  0.086999
0.009036  0.074121
0.012285  0.062783
0.016026  0.052846
0.020254  0.044181
0.024964  0.036667
0.030154  0.030188
0.035816  0.024636
0.041946  0.019913
0.048537  0.015923
0.055582  0.012583
0.063075  0.009811
0.071008  0.007534
0.079373  0.005687
0.088162  0.004208
0.097365  0.003042
0.106973  0.002139
0.116978  0.001455
0.127368  0.000951
0.138133  0.000592
0.149263  0.000346
0.160745  0.000187
0.172570  0.000093
0.184724  0.000044
0.197195  0.000024
0.209972  0.000019
0.223040  0.000019
0.236387  0.000015
0.250000  -0.000000
0.263864  -0.000029
0.277967  -0.000077
0.292292  -0.000143
0.306827  -0.000230
0.321557  -0.000335
0.336466  -0.000458
0.351540  -0.000597
0.366763  -0.000749
0.382121  -0.000911
0.397597  -0.001080
0.413176  -0.001253
0.428843  -0.001427
0.444581  -0.001598
0.460375  -0.001763
0.476209  -0.001921
0.492067  -0.002067
0.507933  -0.002200
0.523791  -0.002318
0.539625  -0.002420
0.555419  -0.002504
0.571157  -0.002569
0.586824  -0.002614
0.602403  -0.002641
0.617879  -0.002648
0.633237  -0.002636
0.648460  -0.002606
0.663534  -0.002560
0.678443  -0.002497
0.693173  -0.002420
0.707708  -0.002329
0.722033  -0.002228
0.736136  -0.002117
0.750000  -0.001998
0.763613  -0.001873
0.776960  -0.001743
0.790028  -0.001611
0.802805  -0.001479
0.815276  -0.001347
0.827430  -0.001217
0.839255  -0.001090
0.850737  -0.000969
0.861867  -0.000853
0.872632  -0.000743
0.883022  -0.000641
0.893027  -0.000547
0.902635  -0.000460
0.911838  -0.000383
0.920627  -0.000313
0.928992  -0.000252
0.936925  -0.000199
0.944418  -0.000154
0.951463  -0.000116
0.958054  -0.000085
0.964184  -0.000060
0.969846  -0.000041
0.975036  -0.000026
0.979746  -0.000015
0.983974  -0.000008
0.987715  -0.000004
0.990964  -0.000001
0.993719  -0.000000
0.995977  -0.000000
0.997736  -0.000001
0.998993  -0.000001
0.999748  -0.000002
1.000000  -0.000002
