cr001sm_rLE_-25.0pct
1.000000  0.000000
0.999748  0.000000
0.998993  0.000000
0.997736  0.000000
0.995977  0.000000
0.993719  0.000000
0.990964  0.000000
0.987715  0.000000
0.983974  0.000000
0.979746  0.000000
0.975036  0.000000
0.969846  0.000000
0.964184  0.000000
0.958054  0.000000
0.951463  0.000000
0.944418  0.000000
0.936925  0.000000
0.928992  0.000000
0.920627  0.000000
0.911838  0.000000
0.902635  0.000000
0.893027  0.000000
0.883022  0.000000
0.872632  0.000000
0.861867  0.000000
0.850737  0.000000
0.839255  0.000000
0.827430  0.000000
0.815276  0.000000
0.802805  0.000000
0.790028  0.000000
0.776960  0.000000
0.763613  0.000000
0.750000  0.000000
0.736136  0.000001
0.722033  0.000001
0.707708  0.000001
0.693173  0.000001
0.678443  0.000001
0.663534  0.000001
0.648460  0.000001
0.633237  0.000001
0.617879  0.000001
0.602403  0.000001
0.586824  0.000001
0.571157  0.000001
0.555419  0.000001
0.539625  0.000001
0.523791  0.000001
0.507933  0.000001
0.492067  0.000001
0.476209  0.000001
0.460375  0.000001
0.444581  0.000001
0.428843  0.000001
0.413176  0.000001
0.397597  0.000001
0.382121  0.000001
0.366763  0.000001
0.351540  0.000001
0.336466  0.000001
0.321557  0.000001
0.306827  0.000001
0.292292  0.000001
0.277967  0.000000
0.263864  0.000000
0.250000  0.000000
0.236387  -0.000000
0.223040  -0.000000
0.209972  -0.000001
0.197195  -0.000001
0.184724  -0.000001
0.172570  -0.000001
0.160745  -0.000001
0.149263  -0.000002
0.138133  -0.000002
0.127368  -0.000002
0.116978  -0.000002
0.106973  -0.000002
0.097365  -0.000002
0.088162  -0.000002
0.079373  -0.000002
0.071008  -0.000002
0.063075  -0.000003
0.055582  -0.000003
0.048537  -0.000002
0.041946  -0.000002
0.035816  -0.000002
0.030154  -0.000002
0.024964  -0.000002
0.020254  -0.000002
0.016026  -0.000001
0.012285  -0.000001
0.009036  -0.000001
0.006281  -0.000001
0.004023  -0.000000
0.002264  0.000000
0.001007  0.000001
0.000252  0.000001
0.000000  0.000002
0.000252  0.203396
0.001007  0.176454
0.002264  0.152388
0.004023  0.130970
0.006281  0.111985
0.009036  0.095227
0.012285  0.080500
0.016026  0.067620
0.020254  0.056414
0.024964  0.046716
0.030154  0.038373
0.035816  0.031242
0.041946  0.025190
0.048537  0.020092
0.055582  0.015835
0.063075  0.012312
0.071008  0.009428
0.079373  0.007095
0.088162  0.005234
0.097365  0.003771
0.106973  0.002643
0.116978  0.001792
0.127368  0.001166
0.138133  0.000722
0.149263  0.000420
0.160745  0.000226
0.172570  0.000112
0.184724  0.000053
0.197195  0.000028
0.209972  0.000023
0.223040  0.000022
0.236387  0.000017
0.250000  0.000000
0.263864  -0.000034
0.277967  -0.000089
0.292292  -0.000164
0.306827  -0.000262
0.321557  -0.000379
0.336466  -0.000515
0.351540  -0.000665
0.366763  -0.000827
0.382121  -0.000997
0.397597  -0.001171
0.413176  -0.001345
0.428843  -0.001514
0.444581  -0.001676
0.460375  -0.001827
0.476209  -0.001964
0.492067  -0.002084
0.507933  -0.002185
0.523791  -0.002266
0.539625  -0.002324
0.555419  -0.002360
0.571157  -0.002373
0.586824  -0.002363
0.602403  -0.002331
0.617879  -0.002278
0.633237  -0.002205
0.648460  -0.002114
0.663534  -0.002007
0.678443  -0.001887
0.693173  -0.001755
0.707708  -0.001615
0.722033  -0.001468
0.736136  -0.001318
0.750000  -0.001166
0.763613  -0.001016
0.776960  -0.000870
0.790028  -0.000731
0.802805  -0.000599
0.815276  -0.000477
0.827430  -0.000367
0.839255  -0.000271
0.850737  -0.000188
0.861867  -0.000119
0.872632  -0.000067
0.883022  -0.000029
0.893027  -0.000007
0.902635  0.000000
0.911838  -0.000007
0.920627  -0.000028
0.928992  -0.000061
0.936925  -0.000105
0.944418  -0.000159
0.951463  -0.000221
0.958054  -0.000289
0.964184  -0.000361
0.969846  -0.000437
0.975036  -0.000513
0.979746  -0.000588
0.983974  -0.000661
0.987715  -0.000730
0.990964  -0.000792
0.993719  -0.000848
0.995977  -0.000895
0.997736  -0.000933
0.998993  -0.000960
0.999748  -0.000977
1.000000  -0.000983
