davissm_Xte_-25.0pct
1.000000  0.000023
0.999748  0.000023
0.998993  0.000023
0.997736  0.000023
0.995977  0.000023
0.993719  0.000023
0.990964  0.000022
0.987715  0.000022
0.983974  0.000021
0.979746  0.000021
0.975036  0.000020
0.969846  0.000020
0.964184  0.000019
0.958054  0.000018
0.951463  0.000017
0.944418  0.000017
0.936925  0.000016
0.928992  0.000015
0.920627  0.000014
0.911838  0.000013
0.902635  0.000013
0.893027  0.000012
0.883022  0.000011
0.872632  0.000010
0.861867  0.000009
0.850737  0.000008
0.839255  0.000008
0.827430  0.000007
0.815276  0.000006
0.802805  0.000006
0.790028  0.000005
0.776960  0.000004
0.763613  0.000004
0.750000  0.000003
0.736136  0.000003
0.722033  0.000002
0.707708  0.000002
0.693173  0.000002
0.678443  0.000001
0.663534  0.000001
0.648460  0.000001
0.633237  0.000001
0.617879  0.000000
0.602403  0.000000
0.586824  0.000000
0.571157  0.000000
0.555419  0.000000
0.539625  0.000000
0.523791  0.000000
0.507933  0.000000
0.492067  0.000000
0.476209  0.000000
0.460375  0.000000
0.444581  0.000000
0.428843  0.000000
0.413176  0.000000
0.397597  0.000000
0.382121  0.000000
0.366763  0.000000
0.351540  0.000000
0.336466  0.000000
0.321557  0.000000
0.306827  0.000000
0.292292  0.000000
0.277967  0.000000
0.263864  0.000000
0.250000  0.000000
0.236387  -0.000000
0.223040  -0.000000
0.209972  -0.000000
0.197195  -0.000000
0.184724  -0.000000
0.172570  -0.000000
0.160745  -0.000000
0.149263  -0.000000
0.138133  -0.000000
0.127368  -0.000000
0.116978  -0.000000
0.106973  -0.000000
0.097365  -0.000000
0.088162  -0.000000
0.079373  -0.000000
0.071008  -0.000000
0.063075  -0.000000
0.055582  -0.000001
0.048537  -0.000001
0.041946  -0.000001
0.035816  -0.000001
0.030154  -0.000002
0.024964  -0.000002
0.020254  -0.000003
0.016026  -0.000004
0.012285  -0.000005
0.009036  -0.000006
0.006281  -0.000008
0.004023  -0.000010
0.002264  -0.000012
0.001007  -0.000015
0.000252  -0.000018
0.000000  -0.000021
0.000252  0.130219
0.001007  0.111867
0.002264  0.095635
0.004023  0.081336
0.006281  0.068795
0.009036  0.057848
0.012285  0.048338
0.016026  0.040121
0.020254  0.033060
0.024964  0.027030
0.030154  0.021913
0.035816  0.017602
0.041946  0.013996
0.048537  0.011006
0.055582  0.008549
0.063075  0.006549
0.071008  0.004941
0.079373  0.003663
0.088162  0.002662
0.097365  0.001890
0.106973  0.001306
0.116978  0.000874
0.127368  0.000563
0.138133  0.000345
0.149263  0.000199
0.160745  0.000106
0.172570  0.000051
0.184724  0.000021
0.197195  0.000007
0.209972  0.000003
0.223040  0.000002
0.236387  0.000002
0.250000  0.000000
0.263864  -0.000005
0.277967  -0.000013
0.292292  -0.000023
0.306827  -0.000035
0.321557  -0.000047
0.336466  -0.000058
0.351540  -0.000067
0.366763  -0.000073
0.382121  -0.000074
0.397597  -0.000072
0.413176  -0.000065
0.428843  -0.000055
0.444581  -0.000042
0.460375  -0.000028
0.476209  -0.000014
0.492067  -0.000004
0.507933  0.000000
0.523791  -0.000005
0.539625  -0.000024
0.555419  -0.000060
0.571157  -0.000117
0.586824  -0.000200
0.602403  -0.000314
0.617879  -0.000461
0.633237  -0.000648
0.648460  -0.000878
0.663534  -0.001155
0.678443  -0.001483
0.693173  -0.001865
0.707708  -0.002304
0.722033  -0.002803
0.736136  -0.003362
0.750000  -0.003984
0.763613  -0.004669
0.776960  -0.005418
0.790028  -0.006228
0.802805  -0.007099
0.815276  -0.008028
0.827430  -0.009013
0.839255  -0.010050
0.850737  -0.011135
0.861867  -0.012263
0.872632  -0.013428
0.883022  -0.014624
0.893027  -0.015845
0.902635  -0.017083
0.911838  -0.018332
0.920627  -0.019583
0.928992  -0.020828
0.936925  -0.022060
0.944418  -0.023269
0.951463  -0.024448
0.958054  -0.025589
0.964184  -0.026682
0.969846  -0.027722
0.975036  -0.028699
0.979746  -0.029606
0.983974  -0.030438
0.987715  -0.031188
0.990964  -0.031849
0.993719  -0.032417
0.995977  -0.032889
0.997736  -0.033259
0.998993  -0.033525
0.999748  -0.033686
1.000000  -0.033740
