hs1606_Xlo_0.3000
1.000000  -0.026210
0.999748  -0.026029
0.998993  -0.025489
0.997736  -0.024595
0.995977  -0.023358
0.993719  -0.021790
0.990964  -0.019907
0.987715  -0.017732
0.983974  -0.015285
0.979746  -0.012594
0.975036  -0.009688
0.969846  -0.006596
0.964184  -0.003351
0.958054  0.000012
0.951463  0.003459
0.944418  0.006954
0.936925  0.010462
0.928992  0.013947
0.920627  0.017373
0.911838  0.020709
0.902635  0.023920
0.893027  0.026977
0.883022  0.029852
0.872632  0.032518
0.861867  0.034954
0.850737  0.037138
0.839255  0.039056
0.827430  0.040694
0.815276  0.042042
0.802805  0.043096
0.790028  0.043853
0.776960  0.044315
0.763613  0.044488
0.750000  0.044380
0.736136  0.044004
0.722033  0.043376
0.707708  0.042513
0.693173  0.041437
0.678443  0.040170
0.663534  0.038736
0.648460  0.037162
0.633237  0.035475
0.617879  0.033701
0.602403  0.031867
0.586824  0.030001
0.571157  0.028126
0.555419  0.026266
0.539625  0.024443
0.523791  0.022675
0.507933  0.020979
0.492067  0.019366
0.476209  0.017846
0.460375  0.016422
0.444581  0.015096
0.428843  0.013864
0.413176  0.012717
0.397597  0.011645
0.382121  0.010630
0.366763  0.009652
0.351540  0.008688
0.336466  0.007713
0.321557  0.006698
0.306827  0.005613
0.292292  0.004428
0.277967  0.003116
0.263864  0.001648
0.250000  -0.000000
0.236387  -0.001846
0.223040  -0.003902
0.209972  -0.006173
0.197195  -0.008652
0.184724  -0.011320
0.172570  -0.014145
0.160745  -0.017076
0.149263  -0.020043
0.138133  -0.022956
0.127368  -0.025698
0.116978  -0.028126
0.106973  -0.030068
0.097365  -0.031317
0.088162  -0.031634
0.079373  -0.030738
0.071008  -0.028309
0.063075  -0.023984
0.055582  -0.017350
0.048537  -0.007948
0.041946  0.004734
0.035816  0.021262
0.030154  0.042261
0.024964  0.068410
0.020254  0.100454
0.016026  0.139197
0.012285  0.185509
0.009036  0.240325
0.006281  0.304646
0.004023  0.379541
0.002264  0.466147
0.001007  0.565669
0.000252  0.679378
0.000000  0.808616
0.000252  0.061906
0.001007  0.053481
0.002264  0.046918
0.004023  0.041925
0.006281  0.038239
0.009036  0.035617
0.012285  0.033843
0.016026  0.032722
0.020254  0.032083
0.024964  0.031777
0.030154  0.031672
0.035816  0.031658
0.041946  0.031644
0.048537  0.031553
0.055582  0.031328
0.063075  0.030923
0.071008  0.030307
0.079373  0.029462
0.088162  0.028379
0.097365  0.027061
0.106973  0.025518
0.116978  0.023767
0.127368  0.021832
0.138133  0.019744
0.149263  0.017533
0.160745  0.015238
0.172570  0.012894
0.184724  0.010543
0.197195  0.008222
0.209972  0.005971
0.223040  0.003827
0.236387  0.001825
0.250000  -0.000000
0.263864  -0.001619
0.277967  -0.003005
0.292292  -0.004135
0.306827  -0.004989
0.321557  -0.005554
0.336466  -0.005817
0.351540  -0.005774
0.366763  -0.005422
0.382121  -0.004764
0.397597  -0.003807
0.413176  -0.002563
0.428843  -0.001045
0.444581  0.000728
0.460375  0.002732
0.476209  0.004945
0.492067  0.007337
0.507933  0.009879
0.523791  0.012540
0.539625  0.015285
0.555419  0.018081
0.571157  0.020892
0.586824  0.023684
0.602403  0.026422
0.617879  0.029071
0.633237  0.031598
0.648460  0.033971
0.663534  0.036161
0.678443  0.038139
0.693173  0.039880
0.707708  0.041361
0.722033  0.042562
0.736136  0.043467
0.750000  0.044062
0.763613  0.044337
0.776960  0.044286
0.790028  0.043907
0.802805  0.043200
0.815276  0.042169
0.827430  0.040823
0.839255  0.039172
0.850737  0.037233
0.861867  0.035022
0.872632  0.032560
0.883022  0.029872
0.893027  0.026982
0.902635  0.023920
0.911838  0.020715
0.920627  0.017398
0.928992  0.014003
0.936925  0.010564
0.944418  0.007114
0.951463  0.003687
0.958054  0.000319
0.964184  -0.002957
0.969846  -0.006109
0.975036  -0.009105
0.979746  -0.011915
0.983974  -0.014510
0.987715  -0.016866
0.990964  -0.018957
0.993719  -0.020763
0.995977  -0.022266
0.997736  -0.023452
0.998993  -0.024307
0.999748  -0.024823
1.000000  -0.024996
