hs1606_Ylo_10.0pct
1.000000  -0.025614
0.999748  -0.025438
0.998993  -0.024910
0.997736  -0.024037
0.995977  -0.022827
0.993719  -0.021293
0.990964  -0.019450
0.987715  -0.017318
0.983974  -0.014919
0.979746  -0.012277
0.975036  -0.009419
0.969846  -0.006375
0.964184  -0.003175
0.958054  0.000146
0.951463  0.003556
0.944418  0.007020
0.936925  0.010503
0.928992  0.013968
0.920627  0.017382
0.911838  0.020711
0.902635  0.023920
0.893027  0.026979
0.883022  0.029856
0.872632  0.032526
0.861867  0.034961
0.850737  0.037140
0.839255  0.039042
0.827430  0.040652
0.815276  0.041955
0.802805  0.042942
0.790028  0.043607
0.776960  0.043947
0.763613  0.043965
0.750000  0.043664
0.736136  0.043054
0.722033  0.042146
0.707708  0.040957
0.693173  0.039505
0.678443  0.037812
0.663534  0.035902
0.648460  0.033802
0.633237  0.031542
0.617879  0.029152
0.602403  0.026663
0.586824  0.024109
0.571157  0.021523
0.555419  0.018937
0.539625  0.016386
0.523791  0.013900
0.507933  0.011509
0.492067  0.009243
0.476209  0.007127
0.460375  0.005184
0.444581  0.003435
0.428843  0.001896
0.413176  0.000579
0.397597  -0.000505
0.382121  -0.001354
0.366763  -0.001968
0.351540  -0.002351
0.336466  -0.002514
0.321557  -0.002472
0.306827  -0.002243
0.292292  -0.001851
0.277967  -0.001325
0.263864  -0.000696
0.250000  -0.000000
0.236387  0.000725
0.223040  0.001438
0.209972  0.002097
0.197195  0.002659
0.184724  0.003079
0.172570  0.003316
0.160745  0.003329
0.149263  0.003080
0.138133  0.002538
0.127368  0.001672
0.116978  0.000465
0.106973  -0.001098
0.097365  -0.003018
0.088162  -0.005287
0.079373  -0.007884
0.071008  -0.010771
0.063075  -0.013899
0.055582  -0.017197
0.048537  -0.020576
0.041946  -0.023928
0.035816  -0.027121
0.030154  -0.030000
0.024964  -0.032383
0.020254  -0.034065
0.016026  -0.034809
0.012285  -0.034351
0.009036  -0.032397
0.006281  -0.028619
0.004023  -0.022660
0.002264  -0.014127
0.001007  -0.002595
0.000252  0.012397
0.000000  0.031342
0.000252  0.061906
0.001007  0.053481
0.002264  0.046918
0.004023  0.041925
0.006281  0.038239
0.009036  0.035617
0.012285  0.033843
0.016026  0.032722
0.020254  0.032083
0.024964  0.031777
0.030154  0.031672
0.035816  0.031658
0.041946  0.031644
0.048537  0.031553
0.055582  0.031328
0.063075  0.030923
0.071008  0.030307
0.079373  0.029462
0.088162  0.028379
0.097365  0.027061
0.106973  0.025518
0.116978  0.023767
0.127368  0.021832
0.138133  0.019744
0.149263  0.017533
0.160745  0.015238
0.172570  0.012894
0.184724  0.010543
0.197195  0.008222
0.209972  0.005971
0.223040  0.003827
0.236387  0.001825
0.250000  -0.000000
0.263864  -0.001619
0.277967  -0.003005
0.292292  -0.004135
0.306827  -0.004989
0.321557  -0.005554
0.336466  -0.005817
0.351540  -0.005774
0.366763  -0.005422
0.382121  -0.004764
0.397597  -0.003807
0.413176  -0.002563
0.428843  -0.001045
0.444581  0.000728
0.460375  0.002732
0.476209  0.004945
0.492067  0.007337
0.507933  0.009879
0.523791  0.012540
0.539625  0.015285
0.555419  0.018081
0.571157  0.020892
0.586824  0.023684
0.602403  0.026422
0.617879  0.029071
0.633237  0.031598
0.648460  0.033971
0.663534  0.036161
0.678443  0.038139
0.693173  0.039880
0.707708  0.041361
0.722033  0.042562
0.736136  0.043467
0.750000  0.044062
0.763613  0.044337
0.776960  0.044286
0.790028  0.043907
0.802805  0.043200
0.815276  0.042169
0.827430  0.040823
0.839255  0.039172
0.850737  0.037233
0.861867  0.035022
0.872632  0.032560
0.883022  0.029872
0.893027  0.026982
0.902635  0.023920
0.911838  0.020715
0.920627  0.017398
0.928992  0.014003
0.936925  0.010564
0.944418  0.007114
0.951463  0.003687
0.958054  0.000319
0.964184  -0.002957
0.969846  -0.006109
0.975036  -0.009105
0.979746  -0.011915
0.983974  -0.014510
0.987715  -0.016866
0.990964  -0.018957
0.993719  -0.020763
0.995977  -0.022266
0.997736  -0.023452
0.998993  -0.024307
0.999748  -0.024823
1.000000  -0.024996
