hs1606_Xlo_10.0pct
1.000000  -0.026131
0.999748  -0.025952
0.998993  -0.025416
0.997736  -0.024528
0.995977  -0.023299
0.993719  -0.021740
0.990964  -0.019869
0.987715  -0.017704
0.983974  -0.015269
0.979746  -0.012589
0.975036  -0.009692
0.969846  -0.006608
0.964184  -0.003369
0.958054  -0.000009
0.951463  0.003437
0.944418  0.006934
0.936925  0.010446
0.928992  0.013935
0.920627  0.017367
0.911838  0.020707
0.902635  0.023920
0.893027  0.026975
0.883022  0.029840
0.872632  0.032488
0.861867  0.034893
0.850737  0.037033
0.839255  0.038887
0.827430  0.040438
0.815276  0.041675
0.802805  0.042588
0.790028  0.043171
0.776960  0.043423
0.763613  0.043345
0.750000  0.042945
0.736136  0.042231
0.722033  0.041218
0.707708  0.039922
0.693173  0.038363
0.678443  0.036564
0.663534  0.034553
0.648460  0.032356
0.633237  0.030005
0.617879  0.027531
0.602403  0.024969
0.586824  0.022351
0.571157  0.019713
0.555419  0.017089
0.539625  0.014513
0.523791  0.012016
0.507933  0.009631
0.492067  0.007385
0.476209  0.005305
0.460375  0.003415
0.444581  0.001733
0.428843  0.000277
0.413176  -0.000942
0.397597  -0.001917
0.382121  -0.002645
0.366763  -0.003127
0.351540  -0.003370
0.336466  -0.003388
0.321557  -0.003195
0.306827  -0.002815
0.292292  -0.002272
0.277967  -0.001599
0.263864  -0.000829
0.250000  -0.000000
0.236387  0.000847
0.223040  0.001668
0.209972  0.002420
0.197195  0.003056
0.184724  0.003533
0.172570  0.003807
0.160745  0.003837
0.149263  0.003587
0.138133  0.003023
0.127368  0.002122
0.116978  0.000864
0.106973  -0.000758
0.097365  -0.002741
0.088162  -0.005069
0.079373  -0.007714
0.071008  -0.010628
0.063075  -0.013750
0.055582  -0.016996
0.048537  -0.020262
0.041946  -0.023421
0.035816  -0.026324
0.030154  -0.028792
0.024964  -0.030621
0.020254  -0.031577
0.016026  -0.031397
0.012285  -0.029783
0.009036  -0.026406
0.006281  -0.020905
0.004023  -0.012879
0.002264  -0.001894
0.001007  0.012519
0.000252  0.030870
0.000000  0.053704
0.000252  0.061906
0.001007  0.053481
0.002264  0.046918
0.004023  0.041925
0.006281  0.038239
0.009036  0.035617
0.012285  0.033843
0.016026  0.032722
0.020254  0.032083
0.024964  0.031777
0.030154  0.031672
0.035816  0.031658
0.041946  0.031644
0.048537  0.031553
0.055582  0.031328
0.063075  0.030923
0.071008  0.030307
0.079373  0.029462
0.088162  0.028379
0.097365  0.027061
0.106973  0.025518
0.116978  0.023767
0.127368  0.021832
0.138133  0.019744
0.149263  0.017533
0.160745  0.015238
0.172570  0.012894
0.184724  0.010543
0.197195  0.008222
0.209972  0.005971
0.223040  0.003827
0.236387  0.001825
0.250000  -0.000000
0.263864  -0.001619
0.277967  -0.003005
0.292292  -0.004135
0.306827  -0.004989
0.321557  -0.005554
0.336466  -0.005817
0.351540  -0.005774
0.366763  -0.005422
0.382121  -0.004764
0.397597  -0.003807
0.413176  -0.002563
0.428843  -0.001045
0.444581  0.000728
0.460375  0.002732
0.476209  0.004945
0.492067  0.007337
0.507933  0.009879
0.523791  0.012540
0.539625  0.015285
0.555419  0.018081
0.571157  0.020892
0.586824  0.023684
0.602403  0.026422
0.617879  0.029071
0.633237  0.031598
0.648460  0.033971
0.663534  0.036161
0.678443  0.038139
0.693173  0.039880
0.707708  0.041361
0.722033  0.042562
0.736136  0.043467
0.750000  0.044062
0.763613  0.044337
0.776960  0.044286
0.790028  0.043907
0.802805  0.043200
0.815276  0.042169
0.827430  0.040823
0.839255  0.039172
0.850737  0.037233
0.861867  0.035022
0.872632  0.032560
0.883022  0.029872
0.893027  0.026982
0.902635  0.023920
0.911838  0.020715
0.920627  0.017398
0.928992  0.014003
0.936925  0.010564
0.944418  0.007114
0.951463  0.003687
0.958054  0.000319
0.964184  -0.002957
0.969846  -0.006109
0.975036  -0.009105
0.979746  -0.011915
0.983974  -0.014510
0.987715  -0.016866
0.990964  -0.018957
0.993719  -0.020763
0.995977  -0.022266
0.997736  -0.023452
0.998993  -0.024307
0.999748  -0.024823
1.000000  -0.024996
