hs1606_Yte_+25pct
1.000000  -0.019926
0.999748  -0.019750
0.998993  -0.019221
0.997736  -0.018346
0.995977  -0.017134
0.993719  -0.015597
0.990964  -0.013752
0.987715  -0.011618
0.983974  -0.009217
0.979746  -0.006575
0.975036  -0.003719
0.969846  -0.000679
0.964184  0.002513
0.958054  0.005824
0.951463  0.009219
0.944418  0.012664
0.936925  0.016121
0.928992  0.019556
0.920627  0.022932
0.911838  0.026216
0.902635  0.029372
0.893027  0.032370
0.883022  0.035179
0.872632  0.037770
0.861867  0.040117
0.850737  0.042198
0.839255  0.043993
0.827430  0.045485
0.815276  0.046661
0.802805  0.047512
0.790028  0.048030
0.776960  0.048214
0.763613  0.048067
0.750000  0.047593
0.736136  0.046801
0.722033  0.045705
0.707708  0.044320
0.693173  0.042667
0.678443  0.040769
0.663534  0.038650
0.648460  0.036338
0.633237  0.033864
0.617879  0.031260
0.602403  0.028559
0.586824  0.025795
0.571157  0.023002
0.555419  0.020215
0.539625  0.017468
0.523791  0.014794
0.507933  0.012225
0.492067  0.009790
0.476209  0.007517
0.460375  0.005431
0.444581  0.003551
0.428843  0.001897
0.413176  0.000481
0.397597  -0.000686
0.382121  -0.001600
0.366763  -0.002261
0.351540  -0.002674
0.336466  -0.002847
0.321557  -0.002796
0.306827  -0.002539
0.292292  -0.002100
0.277967  -0.001509
0.263864  -0.000797
0.250000  0.000000
0.236387  0.000842
0.223040  0.001689
0.209972  0.002495
0.197195  0.003217
0.184724  0.003809
0.172570  0.004228
0.160745  0.004432
0.149263  0.004381
0.138133  0.004040
0.127368  0.003380
0.116978  0.002378
0.106973  0.001020
0.097365  -0.000700
0.088162  -0.002774
0.079373  -0.005184
0.071008  -0.007895
0.063075  -0.010857
0.055582  -0.014003
0.048537  -0.017247
0.041946  -0.020481
0.035816  -0.023574
0.030154  -0.026373
0.024964  -0.028697
0.020254  -0.030342
0.016026  -0.031071
0.012285  -0.030621
0.009036  -0.028697
0.006281  -0.024971
0.004023  -0.019084
0.002264  -0.010643
0.001007  0.000779
0.000252  0.015645
0.000000  0.034452
0.000252  0.061290
0.001007  0.052873
0.002264  0.046318
0.004023  0.041333
0.006281  0.037652
0.009036  0.035036
0.012285  0.033265
0.016026  0.032147
0.020254  0.031510
0.024964  0.031204
0.030154  0.031099
0.035816  0.031086
0.041946  0.031072
0.048537  0.030982
0.055582  0.030758
0.063075  0.030355
0.071008  0.029743
0.079373  0.028903
0.088162  0.027828
0.097365  0.026521
0.106973  0.024991
0.116978  0.023257
0.127368  0.021344
0.138133  0.019281
0.149263  0.017100
0.160745  0.014839
0.172570  0.012536
0.184724  0.010230
0.197195  0.007960
0.209972  0.005765
0.223040  0.003684
0.236387  0.001751
0.250000  -0.000000
0.263864  -0.001539
0.277967  -0.002838
0.292292  -0.003875
0.306827  -0.004632
0.321557  -0.005092
0.336466  -0.005246
0.351540  -0.005088
0.366763  -0.004616
0.382121  -0.003834
0.397597  -0.002748
0.413176  -0.001370
0.428843  0.000284
0.444581  0.002197
0.460375  0.004345
0.476209  0.006702
0.492067  0.009242
0.507933  0.011934
0.523791  0.014744
0.539625  0.017641
0.555419  0.020588
0.571157  0.023551
0.586824  0.026494
0.602403  0.029381
0.617879  0.032178
0.633237  0.034852
0.648460  0.037369
0.663534  0.039701
0.678443  0.041817
0.693173  0.043694
0.707708  0.045307
0.722033  0.046636
0.736136  0.047666
0.750000  0.048381
0.763613  0.048772
0.776960  0.048832
0.790028  0.048559
0.802805  0.047954
0.815276  0.047020
0.827430  0.045766
0.839255  0.044202
0.850737  0.042345
0.861867  0.040212
0.872632  0.037823
0.883022  0.035202
0.893027  0.032376
0.902635  0.029372
0.911838  0.026222
0.920627  0.022955
0.928992  0.019607
0.936925  0.016209
0.944418  0.012798
0.951463  0.009407
0.958054  0.006070
0.964184  0.002822
0.969846  -0.000304
0.975036  -0.003278
0.979746  -0.006067
0.983974  -0.008646
0.987715  -0.010986
0.990964  -0.013064
0.993719  -0.014860
0.995977  -0.016355
0.997736  -0.017534
0.998993  -0.018384
0.999748  -0.018898
1.000000  -0.019070
