hs1606_Ylo_+5pct
1.000000  -0.025763
0.999748  -0.025585
0.998993  -0.025055
0.997736  -0.024178
0.995977  -0.022963
0.993719  -0.021421
0.990964  -0.019571
0.987715  -0.017430
0.983974  -0.015020
0.979746  -0.012367
0.975036  -0.009498
0.969846  -0.006442
0.964184  -0.003232
0.958054  0.000101
0.951463  0.003522
0.944418  0.006995
0.936925  0.010486
0.928992  0.013959
0.920627  0.017378
0.911838  0.020710
0.902635  0.023920
0.893027  0.026977
0.883022  0.029852
0.872632  0.032514
0.861867  0.034941
0.850737  0.037107
0.839255  0.038994
0.827430  0.040585
0.815276  0.041867
0.802805  0.042830
0.790028  0.043469
0.776960  0.043780
0.763613  0.043765
0.750000  0.043431
0.736136  0.042784
0.722033  0.041839
0.707708  0.040611
0.693173  0.039120
0.678443  0.037387
0.663534  0.035437
0.648460  0.033298
0.633237  0.030999
0.617879  0.028572
0.602403  0.026048
0.586824  0.023462
0.571157  0.020846
0.555419  0.018235
0.539625  0.015661
0.523791  0.013158
0.507933  0.010755
0.492067  0.008481
0.476209  0.006364
0.460375  0.004426
0.444581  0.002688
0.428843  0.001167
0.413176  -0.000124
0.397597  -0.001177
0.382121  -0.001987
0.366763  -0.002556
0.351540  -0.002887
0.336466  -0.002991
0.321557  -0.002883
0.306827  -0.002582
0.292292  -0.002113
0.277967  -0.001504
0.263864  -0.000788
0.250000  -0.000000
0.236387  0.000820
0.223040  0.001632
0.209972  0.002391
0.197195  0.003053
0.184724  0.003575
0.172570  0.003913
0.160745  0.004026
0.149263  0.003875
0.138133  0.003427
0.127368  0.002653
0.116978  0.001531
0.106973  0.000050
0.097365  -0.001796
0.088162  -0.003997
0.079373  -0.006532
0.071008  -0.009366
0.063075  -0.012447
0.055582  -0.015706
0.048537  -0.019055
0.041946  -0.022383
0.035816  -0.025559
0.030154  -0.028426
0.024964  -0.030804
0.020254  -0.032482
0.016026  -0.033226
0.012285  -0.032768
0.009036  -0.030812
0.006281  -0.027028
0.004023  -0.021055
0.002264  -0.012498
0.001007  -0.000928
0.000252  0.014118
0.000000  0.033140
0.000252  0.061906
0.001007  0.053481
0.002264  0.046918
0.004023  0.041925
0.006281  0.038239
0.009036  0.035617
0.012285  0.033843
0.016026  0.032722
0.020254  0.032083
0.024964  0.031777
0.030154  0.031672
0.035816  0.031658
0.041946  0.031644
0.048537  0.031553
0.055582  0.031328
0.063075  0.030923
0.071008  0.030307
0.079373  0.029462
0.088162  0.028379
0.097365  0.027061
0.106973  0.025518
0.116978  0.023767
0.127368  0.021832
0.138133  0.019744
0.149263  0.017533
0.160745  0.015238
0.172570  0.012894
0.184724  0.010543
0.197195  0.008222
0.209972  0.005971
0.223040  0.003827
0.236387  0.001825
0.250000  -0.000000
0.263864  -0.001619
0.277967  -0.003005
0.292292  -0.004135
0.306827  -0.004989
0.321557  -0.005554
0.336466  -0.005817
0.351540  -0.005774
0.366763  -0.005422
0.382121  -0.004764
0.397597  -0.003807
0.413176  -0.002563
0.428843  -0.001045
0.444581  0.000728
0.460375  0.002732
0.476209  0.004945
0.492067  0.007337
0.507933  0.009879
0.523791  0.012540
0.539625  0.015285
0.555419  0.018081
0.571157  0.020892
0.586824  0.023684
0.602403  0.026422
0.617879  0.029071
0.633237  0.031598
0.648460  0.033971
0.663534  0.036161
0.678443  0.038139
0.693173  0.039880
0.707708  0.041361
0.722033  0.042562
0.736136  0.043467
0.750000  0.044062
0.763613  0.044337
0.776960  0.044286
0.790028  0.043907
0.802805  0.043200
0.815276  0.042169
0.827430  0.040823
0.839255  0.039172
0.850737  0.037233
0.861867  0.035022
0.872632  0.032560
0.883022  0.029872
0.893027  0.026982
0.902635  0.023920
0.911838  0.020715
0.920627  0.017398
0.928992  0.014003
0.936925  0.010564
0.944418  0.007114
0.951463  0.003687
0.958054  0.000319
0.964184  -0.002957
0.969846  -0.006109
0.975036  -0.009105
0.979746  -0.011915
0.983974  -0.014510
0.987715  -0.016866
0.990964  -0.018957
0.993719  -0.020763
0.995977  -0.022266
0.997736  -0.023452
0.998993  -0.024307
0.999748  -0.024823
1.000000  -0.024996
