ag27 (regenerated via PARSEC)
1.000000 0.000283
0.999985 0.000285
0.999938 0.000290
0.999861 0.000300
0.999753 0.000312
0.999615 0.000329
0.999445 0.000349
0.999245 0.000373
0.999013 0.000401
0.998751 0.000432
0.998459 0.000467
0.998135 0.000505
0.997781 0.000547
0.997396 0.000593
0.996980 0.000643
0.996534 0.000696
0.996057 0.000753
0.995550 0.000813
0.995012 0.000877
0.994443 0.000945
0.993844 0.001016
0.993215 0.001091
0.992555 0.001170
0.991864 0.001252
0.991144 0.001337
0.990393 0.001427
0.989611 0.001520
0.988800 0.001616
0.987958 0.001716
0.987087 0.001820
0.986185 0.001927
0.985253 0.002038
0.984292 0.002152
0.983300 0.002269
0.982279 0.002391
0.981228 0.002515
0.980147 0.002643
0.979036 0.002775
0.977897 0.002910
0.976727 0.003049
0.975528 0.003191
0.974300 0.003336
0.973043 0.003485
0.971756 0.003637
0.970440 0.003793
0.969096 0.003952
0.967722 0.004114
0.966320 0.004280
0.964888 0.004449
0.963428 0.004621
0.961940 0.004797
0.960423 0.004976
0.958877 0.005158
0.957304 0.005343
0.955702 0.005531
0.954072 0.005723
0.952414 0.005918
0.950728 0.006116
0.949014 0.006317
0.947272 0.006522
0.945503 0.006729
0.943707 0.006940
0.941883 0.007153
0.940032 0.007370
0.938153 0.007590
0.936248 0.007812
0.934316 0.008038
0.932357 0.008266
0.930371 0.008498
0.928359 0.008732
0.926320 0.008969
0.924255 0.009209
0.922164 0.009452
0.920047 0.009698
0.917904 0.009946
0.915735 0.010198
0.913540 0.010451
0.911320 0.010708
0.909075 0.010967
0.906804 0.011229
0.904508 0.011493
0.902188 0.011760
0.899842 0.012030
0.897472 0.012302
0.895078 0.012576
0.892658 0.012853
0.890215 0.013132
0.887748 0.013414
0.885257 0.013698
0.882742 0.013984
0.880203 0.014273
0.877641 0.014564
0.875056 0.014857
0.872447 0.015152
0.869816 0.015449
0.867161 0.015748
0.864484 0.016050
0.861785 0.016353
0.859063 0.016658
0.856319 0.016965
0.853553 0.017275
0.850766 0.017585
0.847956 0.017898
0.845126 0.018213
0.842274 0.018529
0.839400 0.018847
0.836506 0.019166
0.833591 0.019488
0.830656 0.019810
0.827700 0.020134
0.824724 0.020460
0.821728 0.020787
0.818712 0.021115
0.815676 0.021445
0.812621 0.021776
0.809547 0.022108
0.806454 0.022442
0.803341 0.022776
0.800210 0.023112
0.797061 0.023448
0.793893 0.023786
0.790707 0.024124
0.787503 0.024464
0.784281 0.024804
0.781042 0.025145
0.777785 0.025487
0.774511 0.025829
0.771221 0.026172
0.767913 0.026516
0.764590 0.026860
0.761249 0.027204
0.757893 0.027549
0.754521 0.027894
0.751133 0.028240
0.747729 0.028586
0.744311 0.028932
0.740877 0.029278
0.737428 0.029624
0.733965 0.029970
0.730487 0.030316
0.726995 0.030662
0.723489 0.031008
0.719970 0.031354
0.716436 0.031699
0.712890 0.032044
0.709330 0.032389
0.705757 0.032733
0.702172 0.033077
0.698574 0.033420
0.694964 0.033762
0.691342 0.034104
0.687708 0.034445
0.684062 0.034785
0.680405 0.035124
0.676737 0.035463
0.673059 0.035800
0.669369 0.036136
0.665669 0.036471
0.661959 0.036805
0.658238 0.037138
0.654508 0.037470
0.650769 0.037800
0.647020 0.038128
0.643262 0.038455
0.639496 0.038781
0.635720 0.039105
0.631937 0.039427
0.628145 0.039748
0.624345 0.040066
0.620538 0.040383
0.616723 0.040698
0.612901 0.041011
0.609072 0.041322
0.605236 0.041631
0.601394 0.041937
0.597545 0.042242
0.593691 0.042544
0.589830 0.042844
0.585965 0.043141
0.582093 0.043436
0.578217 0.043728
0.574336 0.044018
0.570451 0.044305
0.566561 0.044589
0.562667 0.044870
0.558769 0.045149
0.554867 0.045425
0.550962 0.045697
0.547054 0.045967
0.543143 0.046234
0.539230 0.046497
0.535313 0.046758
0.531395 0.047015
0.527475 0.047269
0.523553 0.047519
0.519630 0.047766
0.515705 0.048010
0.511780 0.048250
0.507854 0.048486
0.503927 0.048719
0.500000 0.048948
0.496073 0.049173
0.492146 0.049395
0.488220 0.049613
0.484295 0.049826
0.480370 0.050036
0.476447 0.050242
0.472525 0.050444
0.468605 0.050642
0.464687 0.050835
0.460770 0.051024
0.456857 0.051210
0.452946 0.051390
0.449038 0.051567
0.445133 0.051739
0.441231 0.051906
0.437333 0.052070
0.433439 0.052228
0.429549 0.052382
0.425664 0.052532
0.421783 0.052677
0.417907 0.052817
0.414035 0.052952
0.410170 0.053083
0.406309 0.053209
0.402455 0.053330
0.398606 0.053446
0.394764 0.053558
0.390928 0.053664
0.387099 0.053766
0.383277 0.053862
0.379462 0.053953
0.375655 0.054040
0.371855 0.054121
0.368063 0.054197
0.364280 0.054268
0.360504 0.054334
0.356738 0.054395
0.352980 0.054450
0.349231 0.054500
0.345492 0.054545
0.341762 0.054585
0.338041 0.054619
0.334331 0.054648
0.330631 0.054672
0.326941 0.054690
0.323263 0.054703
0.319595 0.054710
0.315938 0.054712
0.312292 0.054709
0.308658 0.054700
0.305036 0.054686
0.301426 0.054666
0.297828 0.054641
0.294243 0.054611
0.290670 0.054575
0.287110 0.054533
0.283564 0.054486
0.280030 0.054433
0.276511 0.054375
0.273005 0.054312
0.269513 0.054242
0.266035 0.054168
0.262572 0.054088
0.259123 0.054002
0.255689 0.053911
0.252271 0.053815
0.248867 0.053712
0.245479 0.053605
0.242107 0.053492
0.238751 0.053373
0.235410 0.053249
0.232087 0.053120
0.228779 0.052985
0.225489 0.052845
0.222215 0.052699
0.218958 0.052548
0.215719 0.052392
0.212497 0.052230
0.209293 0.052062
0.206107 0.051890
0.202939 0.051712
0.199790 0.051529
0.196659 0.051340
0.193546 0.051147
0.190453 0.050948
0.187379 0.050744
0.184324 0.050534
0.181288 0.050320
0.178272 0.050100
0.175276 0.049875
0.172300 0.049645
0.169344 0.049410
0.166409 0.049170
0.163494 0.048925
0.160600 0.048675
0.157726 0.048420
0.154874 0.048161
0.152044 0.047896
0.149234 0.047626
0.146447 0.047352
0.143681 0.047072
0.140937 0.046788
0.138215 0.046499
0.135516 0.046206
0.132839 0.045908
0.130184 0.045605
0.127553 0.045297
0.124944 0.044985
0.122359 0.044669
0.119797 0.044348
0.117258 0.044022
0.114743 0.043692
0.112252 0.043358
0.109785 0.043019
0.107342 0.042676
0.104922 0.042328
0.102528 0.041977
0.100158 0.041621
0.097812 0.041261
0.095492 0.040896
0.093196 0.040528
0.090925 0.040156
0.088680 0.039779
0.086460 0.039399
0.084265 0.039014
0.082096 0.038625
0.079953 0.038233
0.077836 0.037837
0.075745 0.037437
0.073680 0.037033
0.071641 0.036625
0.069629 0.036213
0.067643 0.035798
0.065684 0.035379
0.063752 0.034956
0.061847 0.034530
0.059968 0.034100
0.058117 0.033667
0.056293 0.033229
0.054497 0.032789
0.052728 0.032345
0.050986 0.031897
0.049272 0.031446
0.047586 0.030991
0.045928 0.030533
0.044298 0.030072
0.042696 0.029607
0.041123 0.029139
0.039577 0.028667
0.038060 0.028192
0.036572 0.027714
0.035112 0.027233
0.033680 0.026748
0.032278 0.026260
0.030904 0.025768
0.029560 0.025273
0.028244 0.024775
0.026957 0.024274
0.025700 0.023769
0.024472 0.023261
0.023273 0.022750
0.022103 0.022236
0.020964 0.021718
0.019853 0.021197
0.018772 0.020672
0.017721 0.020145
0.016700 0.019614
0.015708 0.019079
0.014747 0.018541
0.013815 0.018000
0.012913 0.017456
0.012042 0.016908
0.011200 0.016356
0.010389 0.015801
0.009607 0.015243
0.008856 0.014681
0.008136 0.014115
0.007445 0.013546
0.006785 0.012973
0.006156 0.012396
0.005557 0.011816
0.004988 0.011232
0.004450 0.010644
0.003943 0.010052
0.003466 0.009456
0.003020 0.008856
0.002604 0.008252
0.002219 0.007644
0.001865 0.007032
0.001541 0.006416
0.001249 0.005795
0.000987 0.005170
0.000755 0.004540
0.000555 0.003906
0.000385 0.003267
0.000247 0.002623
0.000139 0.001975
0.000062 0.001322
0.000015 0.000663
0.000000 0.000000
0.000015 -0.000645
0.000062 -0.001248
0.000139 -0.001813
0.000247 -0.002341
0.000385 -0.002834
0.000555 -0.003295
0.000755 -0.003725
0.000987 -0.004127
0.001249 -0.004501
0.001541 -0.004851
0.001865 -0.005177
0.002219 -0.005481
0.002604 -0.005764
0.003020 -0.006029
0.003466 -0.006276
0.003943 -0.006507
0.004450 -0.006723
0.004988 -0.006925
0.005557 -0.007114
0.006156 -0.007292
0.006785 -0.007459
0.007445 -0.007617
0.008136 -0.007765
0.008856 -0.007907
0.009607 -0.008041
0.010389 -0.008168
0.011200 -0.008291
0.012042 -0.008408
0.012913 -0.008521
0.013815 -0.008631
0.014747 -0.008737
0.015708 -0.008840
0.016700 -0.008942
0.017721 -0.009041
0.018772 -0.009139
0.019853 -0.009236
0.020964 -0.009332
0.022103 -0.009427
0.023273 -0.009522
0.024472 -0.009617
0.025700 -0.009711
0.026957 -0.009806
0.028244 -0.009901
0.029560 -0.009997
0.030904 -0.010092
0.032278 -0.010189
0.033680 -0.010285
0.035112 -0.010382
0.036572 -0.010479
0.038060 -0.010577
0.039577 -0.010675
0.041123 -0.010773
0.042696 -0.010871
0.044298 -0.010969
0.045928 -0.011067
0.047586 -0.011164
0.049272 -0.011261
0.050986 -0.011357
0.052728 -0.011452
0.054497 -0.011546
0.056293 -0.011639
0.058117 -0.011730
0.059968 -0.011819
0.061847 -0.011907
0.063752 -0.011992
0.065684 -0.012075
0.067643 -0.012155
0.069629 -0.012232
0.071641 -0.012306
0.073680 -0.012377
0.075745 -0.012444
0.077836 -0.012506
0.079953 -0.012565
0.082096 -0.012619
0.084265 -0.012669
0.086460 -0.012713
0.088680 -0.012753
0.090925 -0.012787
0.093196 -0.012815
0.095492 -0.012837
0.097812 -0.012854
0.100158 -0.012863
0.102528 -0.012867
0.104922 -0.012863
0.107342 -0.012852
0.109785 -0.012835
0.112252 -0.012809
0.114743 -0.012776
0.117258 -0.012736
0.119797 -0.012687
0.122359 -0.012630
0.124944 -0.012565
0.127553 -0.012492
0.130184 -0.012410
0.132839 -0.012319
0.135516 -0.012220
0.138215 -0.012111
0.140937 -0.011994
0.143681 -0.011867
0.146447 -0.011731
0.149234 -0.011586
0.152044 -0.011431
0.154874 -0.011268
0.157726 -0.011094
0.160600 -0.010911
0.163494 -0.010719
0.166409 -0.010517
0.169344 -0.010306
0.172300 -0.010085
0.175276 -0.009855
0.178272 -0.009615
0.181288 -0.009366
0.184324 -0.009108
0.187379 -0.008840
0.190453 -0.008563
0.193546 -0.008277
0.196659 -0.007982
0.199790 -0.007678
0.202939 -0.007365
0.206107 -0.007043
0.209293 -0.006713
0.212497 -0.006374
0.215719 -0.006027
0.218958 -0.005672
0.222215 -0.005309
0.225489 -0.004938
0.228779 -0.004559
0.232087 -0.004173
0.235410 -0.003779
0.238751 -0.003379
0.242107 -0.002972
0.245479 -0.002558
0.248867 -0.002137
0.252271 -0.001711
0.255689 -0.001278
0.259123 -0.000840
0.262572 -0.000396
0.266035 0.000053
0.269513 0.000507
0.273005 0.000966
0.276511 0.001429
0.280030 0.001896
0.283564 0.002367
0.287110 0.002842
0.290670 0.003320
0.294243 0.003801
0.297828 0.004285
0.301426 0.004771
0.305036 0.005260
0.308658 0.005750
0.312292 0.006243
0.315938 0.006736
0.319595 0.007230
0.323263 0.007725
0.326941 0.008221
0.330631 0.008716
0.334331 0.009212
0.338041 0.009707
0.341762 0.010201
0.345492 0.010694
0.349231 0.011185
0.352980 0.011675
0.356738 0.012163
0.360504 0.012649
0.364280 0.013132
0.368063 0.013612
0.371855 0.014089
0.375655 0.014563
0.379462 0.015033
0.383277 0.015499
0.387099 0.015961
0.390928 0.016418
0.394764 0.016870
0.398606 0.017318
0.402455 0.017760
0.406309 0.018197
0.410170 0.018627
0.414035 0.019052
0.417907 0.019471
0.421783 0.019883
0.425664 0.020288
0.429549 0.020686
0.433439 0.021077
0.437333 0.021461
0.441231 0.021837
0.445133 0.022206
0.449038 0.022566
0.452946 0.022919
0.456857 0.023263
0.460770 0.023598
0.464687 0.023925
0.468605 0.024243
0.472525 0.024552
0.476447 0.024852
0.480370 0.025143
0.484295 0.025424
0.488220 0.025696
0.492146 0.025959
0.496073 0.026211
0.500000 0.026454
0.503927 0.026687
0.507854 0.026910
0.511780 0.027123
0.515705 0.027326
0.519630 0.027518
0.523553 0.027701
0.527475 0.027873
0.531395 0.028035
0.535313 0.028186
0.539230 0.028327
0.543143 0.028458
0.547054 0.028578
0.550962 0.028688
0.554867 0.028787
0.558769 0.028876
0.562667 0.028955
0.566561 0.029023
0.570451 0.029081
0.574336 0.029129
0.578217 0.029167
0.582093 0.029194
0.585965 0.029211
0.589830 0.029218
0.593691 0.029215
0.597545 0.029203
0.601394 0.029180
0.605236 0.029148
0.609072 0.029106
0.612901 0.029055
0.616723 0.028994
0.620538 0.028924
0.624345 0.028845
0.628145 0.028756
0.631937 0.028659
0.635720 0.028553
0.639496 0.028438
0.643262 0.028315
0.647020 0.028184
0.650769 0.028044
0.654508 0.027896
0.658238 0.027740
0.661959 0.027577
0.665669 0.027406
0.669369 0.027227
0.673059 0.027042
0.676737 0.026849
0.680405 0.026649
0.684062 0.026443
0.687708 0.026230
0.691342 0.026011
0.694964 0.025786
0.698574 0.025555
0.702172 0.025318
0.705757 0.025076
0.709330 0.024828
0.712890 0.024575
0.716436 0.024318
0.719970 0.024055
0.723489 0.023788
0.726995 0.023517
0.730487 0.023241
0.733965 0.022962
0.737428 0.022678
0.740877 0.022392
0.744311 0.022102
0.747729 0.021808
0.751133 0.021512
0.754521 0.021214
0.757893 0.020912
0.761249 0.020609
0.764590 0.020303
0.767913 0.019995
0.771221 0.019686
0.774511 0.019375
0.777785 0.019062
0.781042 0.018749
0.784281 0.018434
0.787503 0.018119
0.790707 0.017803
0.793893 0.017487
0.797061 0.017171
0.800210 0.016854
0.803341 0.016538
0.806454 0.016221
0.809547 0.015906
0.812621 0.015591
0.815676 0.015276
0.818712 0.014963
0.821728 0.014651
0.824724 0.014340
0.827700 0.014030
0.830656 0.013722
0.833591 0.013415
0.836506 0.013111
0.839400 0.012808
0.842274 0.012507
0.845126 0.012209
0.847956 0.011913
0.850766 0.011619
0.853553 0.011328
0.856319 0.011040
0.859063 0.010754
0.861785 0.010471
0.864484 0.010192
0.867161 0.009915
0.869816 0.009641
0.872447 0.009371
0.875056 0.009104
0.877641 0.008840
0.880203 0.008580
0.882742 0.008323
0.885257 0.008070
0.887748 0.007821
0.890215 0.007575
0.892658 0.007333
0.895078 0.007095
0.897472 0.006861
0.899842 0.006631
0.902188 0.006404
0.904508 0.006182
0.906804 0.005964
0.909075 0.005749
0.911320 0.005539
0.913540 0.005333
0.915735 0.005130
0.917904 0.004932
0.920047 0.004738
0.922164 0.004548
0.924255 0.004362
0.926320 0.004180
0.928359 0.004003
0.930371 0.003829
0.932357 0.003659
0.934316 0.003494
0.936248 0.003332
0.938153 0.003175
0.940032 0.003021
0.941883 0.002871
0.943707 0.002725
0.945503 0.002584
0.947272 0.002445
0.949014 0.002311
0.950728 0.002181
0.952414 0.002054
0.954072 0.001931
0.955702 0.001811
0.957304 0.001695
0.958877 0.001583
0.960423 0.001474
0.961940 0.001369
0.963428 0.001267
0.964888 0.001168
0.966320 0.001072
0.967722 0.000980
0.969096 0.000891
0.970440 0.000805
0.971756 0.000722
0.973043 0.000642
0.974300 0.000565
0.975528 0.000490
0.976727 0.000419
0.977897 0.000350
0.979036 0.000284
0.980147 0.000221
0.981228 0.000160
0.982279 0.000102
0.983300 0.000046
0.984292 -0.000008
0.985253 -0.000059
0.986185 -0.000108
0.987087 -0.000155
0.987958 -0.000199
0.988800 -0.000242
0.989611 -0.000282
0.990393 -0.000320
0.991144 -0.000357
0.991864 -0.000391
0.992555 -0.000424
0.993215 -0.000455
0.993844 -0.000484
0.994443 -0.000512
0.995012 -0.000537
0.995550 -0.000562
0.996057 -0.000584
0.996534 -0.000605
0.996980 -0.000625
0.997396 -0.000643
0.997781 -0.000659
0.998135 -0.000674
0.998459 -0.000688
0.998751 -0.000700
0.999013 -0.000711
0.999245 -0.000721
0.999445 -0.000729
0.999615 -0.000736
0.999753 -0.000742
0.999861 -0.000746
0.999938 -0.000749
0.999985 -0.000751
1.000000 -0.000752
